"BROKEN","EPIC","FAILED","FEATURE","PASSED","SKIPPED","STORY","UNKNOWN"
"0","","0","","2","0","","0"
"0","Login","0","Remember me","2","0","","0"
